b=4.0257*10^-4;
f0=-1*2000/(pi*sqrt(1-(b/2)^2));

